-0.001383 -0.014102 -0.281475
0.046513 -0.028496 -0.297196
0.096557 -0.033700 -0.262602
0.152694 -0.040198 -0.220723
0.208278 -0.056697 -0.086177
0.258627 -0.060924 0.008026
0.311544 -0.061680 0.113824
0.362695 -0.051340 0.229430
0.416237 -0.030707 0.290283
0.464880 -0.009722 0.294197
0.515862 0.011011 0.299725
0.568056 0.030557 0.294960
0.616447 0.048349 0.286497
0.669728 0.063618 0.277196
0.725772 0.078564 0.266381
0.780357 0.092200 0.258018
0.837589 0.105263 0.249634
0.888460 0.111559 0.241134
0.946847 0.120703 0.230797
0.996454 0.128712 0.226788
1.053502 0.140938 0.320221
1.107253 0.159276 0.440680
1.160243 0.179474 0.563008
1.200569 0.218199 0.668801
1.237033 0.257022 0.767000
1.268459 0.310145 0.883336
1.299433 0.359438 1.000672
1.313239 0.408426 1.093292
1.330451 0.457778 1.195261
1.343018 0.510649 1.237769
1.357151 0.560816 1.229070
1.361709 0.612369 1.227362
1.374138 0.665691 1.227358
1.392509 0.714029 1.224915
1.416530 0.767523 1.216721
1.437671 0.815638 1.204766
1.457752 0.863838 1.212915
1.474729 0.913286 1.315601
1.486283 0.968271 1.435092
1.491347 1.024465 1.547471
1.482826 1.075816 1.684531
1.470548 1.126232 1.786295
1.447059 1.174598 1.884645
1.420286 1.229658 1.985734
1.385258 1.267558 2.085374
1.348141 1.302468 2.181893
1.308462 1.345559 2.296305
1.264311 1.383917 2.413794
1.212095 1.404675 2.510764
1.161801 1.431035 2.631035
1.106094 1.446686 2.760562
1.050094 1.450305 2.870139
0.989452 1.448446 3.006388
0.930461 1.443151 3.113495
0.903497 1.431259 -3.125207
0.804774 1.399556 -2.982533
0.765790 1.367077 -2.967505
0.710790 1.353975 -2.867612
0.659888 1.333461 -2.763032
0.612878 1.312066 -2.640548
0.571542 1.275324 -2.531707
0.532426 1.235180 -2.415694
0.496036 1.189007 -2.308492
0.466251 1.144651 -2.211025
0.439143 1.099976 -2.118283
0.426307 1.050432 -2.006516
0.416443 0.994129 -1.911247
0.399018 0.936656 -1.796850
0.392364 0.880569 -1.678249
0.400284 0.830647 -1.664571
0.417280 0.778807 -1.665443
0.423187 0.724153 -1.657710
0.421850 0.673055 -1.657048
0.413805 0.619871 -1.668719
0.404884 0.563270 -1.678629
0.395106 0.505137 -1.687637
0.387400 0.447199 -1.700633
0.378158 0.397095 -1.707682
0.367383 0.342014 -1.715336
0.350283 0.286378 -1.724407
0.339034 0.233829 -1.729796
0.330057 0.182995 -1.739287
0.318523 0.126576 -1.746303
0.304469 0.069855 -1.758520
0.290501 0.021031 -1.771350
EOP
